
power = 2083.21570613999
throughput = 12780.98
composite = 5159.99401897532
